1 0.812709 0.408624 0.064660 0.143737
1 0.497770 0.322382 0.063545 0.110883
1 0.630992 0.302875 0.049052 0.112936
0 0.230212 0.333676 0.065775 0.063655
0 0.166667 0.535934 0.110368 0.110883
0 0.299331 0.356263 0.052397 0.121150
0 0.364548 0.333676 0.044593 0.075975
0 0.284838 0.141684 0.016722 0.036961
0 0.209030 0.120123 0.010033 0.030801
0 0.171126 0.118070 0.010033 0.034908
2 0.659420 0.634497 0.130435 0.283368
2 0.686176 0.402464 0.090301 0.164271
2 0.120959 0.395277 0.094760 0.137577
2 0.223523 0.171458 0.034560 0.059548
2 0.152174 0.166324 0.030100 0.045175
