1 0.179037 0.408784 0.045135 0.083333
1 0.282347 0.382883 0.029087 0.063063
1 0.591775 0.388514 0.032096 0.065315
1 0.753761 0.393018 0.025075 0.065315
1 0.738716 0.367117 0.013039 0.031532
2 0.537613 0.457207 0.030090 0.036036
0 0.451856 0.440315 0.189569 0.290541
4 0.263791 0.520270 0.024072 0.058559
4 0.751755 0.506757 0.019057 0.045045
3 0.845035 0.702703 0.071214 0.135135
3 0.649950 0.500000 0.032096 0.054054
3 0.796891 0.476351 0.031093 0.047297
4 0.752257 0.907658 0.062187 0.157658
4 0.562187 0.439189 0.013039 0.040541
