0 0.538616 0.106982 0.166499 0.168919
1 0.020060 0.137387 0.036108 0.148649
2 0.482447 0.211712 0.042126 0.081081
2 0.328485 0.237613 0.051153 0.092342
2 0.214644 0.227477 0.058175 0.085586
2 0.058175 0.257883 0.064193 0.096847
3 0.046640 0.360360 0.067202 0.135135
3 0.268305 0.328829 0.051153 0.135135
3 0.425276 0.252252 0.036108 0.090090
3 0.577232 0.269144 0.027081 0.101351
4 0.624875 0.174550 0.018054 0.056306
4 0.618857 0.384009 0.050150 0.141892
4 0.702106 0.277027 0.040120 0.094595
4 0.761785 0.344595 0.055165 0.121622
