1 0.875076 0.291304 0.034820 0.083230
1 0.969762 0.340994 0.051924 0.145342
1 0.491448 0.254658 0.034820 0.072050
1 0.384239 0.036646 0.028100 0.065839
1 0.346671 0.248447 0.027489 0.064596
1 0.236408 0.241615 0.023213 0.053416
1 0.097740 0.260870 0.037874 0.069565
2 0.172266 0.616149 0.138057 0.196273
4 0.170434 0.421118 0.037874 0.089441
3 0.292914 0.373913 0.026268 0.069565
2 0.500000 0.354037 0.043372 0.059627
4 0.639585 0.395031 0.026878 0.067081
4 0.417532 0.297516 0.016494 0.043478
3 0.201283 0.279503 0.025046 0.024845
