0 0.464393 0.073198 0.078235 0.110360
2 0.645436 0.152027 0.031093 0.047297
2 0.183551 0.163288 0.042126 0.051802
2 0.269308 0.146396 0.033099 0.049550
2 0.341023 0.138514 0.030090 0.047297
2 0.405216 0.125000 0.032096 0.038288
3 0.474423 0.131757 0.016048 0.047297
3 0.402207 0.137387 0.024072 0.040541
3 0.379639 0.158784 0.027081 0.056306
3 0.288867 0.177928 0.036108 0.063063
4 0.497994 0.121622 0.017051 0.036036
4 0.523571 0.129505 0.020060 0.038288
4 0.518556 0.152027 0.018054 0.047297
4 0.556169 0.140766 0.019057 0.042793
