4 0.557673 0.141892 0.016048 0.049550
4 0.524072 0.132883 0.019057 0.049550
4 0.520562 0.154279 0.018054 0.047297
4 0.498495 0.122748 0.014042 0.033784
3 0.473420 0.137387 0.016048 0.049550
3 0.400702 0.140766 0.021063 0.042793
3 0.380140 0.161036 0.026078 0.056306
3 0.289368 0.179054 0.041123 0.060811
2 0.181545 0.164414 0.046138 0.058559
2 0.269809 0.144144 0.038114 0.054054
2 0.342026 0.141892 0.038114 0.063063
2 0.407222 0.126126 0.032096 0.045045
2 0.644935 0.152027 0.030090 0.051802
0 0.464895 0.068694 0.083250 0.119369
