4 0.616349 0.381757 0.051153 0.128378
4 0.700602 0.279279 0.041123 0.085586
4 0.762287 0.346847 0.052156 0.117117
4 0.625878 0.174550 0.020060 0.056306
3 0.269308 0.333333 0.055165 0.135135
3 0.046640 0.360360 0.071214 0.130631
3 0.424273 0.250000 0.034102 0.094595
3 0.577733 0.265766 0.034102 0.099099
2 0.483952 0.216216 0.053159 0.076577
2 0.328485 0.238739 0.055165 0.099099
2 0.215647 0.234234 0.062187 0.099099
2 0.059178 0.254505 0.070211 0.094595
0 0.536610 0.105856 0.170512 0.175676
1 0.019057 0.136261 0.034102 0.155405
