1 0.030090 0.145270 0.060181 0.168919
1 0.316951 0.110360 0.068205 0.193694
4 0.683049 0.195946 0.030090 0.040541
4 0.705115 0.222973 0.022066 0.040541
3 0.767803 0.207207 0.031093 0.036036
4 0.804915 0.225225 0.027081 0.063063
4 0.854062 0.252252 0.039117 0.040541
4 0.905717 0.286036 0.044132 0.094595
3 0.967904 0.390766 0.058175 0.119369
2 0.745236 0.281532 0.058175 0.099099
2 0.761284 0.416667 0.090271 0.157658
2 0.910732 0.333333 0.068205 0.108108
2 0.974925 0.547297 0.046138 0.193694
2 0.744233 0.203829 0.044132 0.065315
1 0.644433 0.126126 0.061184 0.189189
0 0.795888 0.106982 0.107322 0.123874
2 0.959880 0.211712 0.032096 0.054054
2 0.930792 0.188063 0.032096 0.047297
