1 0.125376 0.539414 0.058175 0.110360
1 0.407723 0.459459 0.019057 0.049550
1 0.462387 0.445946 0.016048 0.040541
1 0.697593 0.459459 0.023069 0.054054
1 0.845537 0.471847 0.026078 0.069820
1 0.864594 0.442568 0.012036 0.042793
2 0.899699 0.612613 0.044132 0.063063
3 0.752257 0.581081 0.032096 0.058559
3 0.705617 0.519144 0.017051 0.024775
2 0.640923 0.498874 0.020060 0.029279
3 0.428786 0.615991 0.029087 0.060811
4 0.480441 0.516892 0.010030 0.029279
4 0.665496 0.609234 0.017051 0.060811
6 0.774323 0.528153 0.012036 0.038288
3 0.831996 0.520270 0.019057 0.031532
4 0.663490 0.488739 0.009027 0.031532
6 0.066199 0.722973 0.132397 0.085586
0 0.587763 0.475225 0.100301 0.157658
