2 0.654463 0.620495 0.125376 0.281532
2 0.684052 0.403153 0.092277 0.148649
2 0.114343 0.390766 0.098295 0.159910
2 0.221665 0.175676 0.034102 0.058559
2 0.153962 0.166667 0.035105 0.054054
2 0.074724 0.156532 0.031093 0.047297
4 0.169007 0.540541 0.107322 0.117117
3 0.021063 0.528153 0.042126 0.128378
4 0.227683 0.329955 0.062187 0.074324
4 0.296389 0.353604 0.049147 0.121622
4 0.365095 0.332207 0.036108 0.083333
3 0.495486 0.324324 0.062187 0.117117
3 0.634403 0.306306 0.045135 0.112613
3 0.805416 0.409910 0.062187 0.144144
3 0.235206 0.135135 0.025075 0.045045
4 0.285356 0.144144 0.021063 0.049550
4 0.170512 0.121622 0.022066 0.040541
4 0.208626 0.125000 0.016048 0.047297
0 0.370612 0.067568 0.051153 0.090090
