1 0.551655 0.051802 0.016048 0.049550
1 0.626379 0.065315 0.021063 0.067568
1 0.638917 0.060811 0.012036 0.063063
0 0.468405 0.202703 0.250752 0.396396
6 0.340020 0.611486 0.391174 0.772523
4 0.800401 0.168919 0.016048 0.045045
0 0.875627 0.121622 0.086259 0.108108
4 0.910231 0.166667 0.015045 0.045045
4 0.829488 0.168919 0.014042 0.049550
2 0.830993 0.191441 0.041123 0.054054
2 0.709127 0.123874 0.022066 0.031532
3 0.663992 0.128378 0.018054 0.031532
3 0.679037 0.117117 0.014042 0.027027
4 0.732197 0.156532 0.016048 0.042793
4 0.736209 0.137387 0.016048 0.049550
3 0.781344 0.149775 0.022066 0.038288
