2 0.700602 0.583333 0.147442 0.229730
2 0.355065 0.657658 0.164493 0.279279
2 0.240722 0.373874 0.080241 0.135135
2 0.193581 0.224099 0.058175 0.074324
2 0.437312 0.314189 0.060181 0.110360
3 0.514042 0.264640 0.043129 0.078829
3 0.525577 0.347973 0.064193 0.110360
3 0.397192 0.243243 0.036108 0.081081
3 0.104814 0.255631 0.053159 0.051802
3 0.227683 0.217342 0.022066 0.029279
4 0.275827 0.230856 0.026078 0.065315
4 0.336510 0.234234 0.037111 0.045045
4 0.282849 0.220721 0.036108 0.031532
4 0.151454 0.282658 0.038114 0.047297
0 0.301906 0.094595 0.078235 0.117117
