1 0.370123 0.241273 0.020067 0.067762
1 0.861761 0.564682 0.078038 0.151951
1 0.819398 0.487680 0.035674 0.088296
1 0.605909 0.468172 0.059086 0.073922
1 0.443701 0.448665 0.037904 0.080082
1 0.323300 0.435318 0.033445 0.061602
1 0.236343 0.428131 0.028986 0.055441
1 0.098105 0.441478 0.042363 0.073922
4 0.416388 0.637577 0.025641 0.063655
2 0.339465 0.574949 0.039019 0.065708
3 0.141026 0.590349 0.036789 0.063655
3 0.167781 0.477413 0.025641 0.043121
4 0.015050 0.640657 0.023411 0.061602
4 0.346154 0.489733 0.016722 0.030801
