4 0.541625 0.690315 0.022066 0.083333
4 0.289870 0.554054 0.016048 0.045045
4 0.637914 0.539414 0.012036 0.038288
4 0.513541 0.495495 0.012036 0.036036
2 0.488967 0.511261 0.025075 0.031532
2 0.804915 0.645270 0.047141 0.074324
3 0.565697 0.536036 0.020060 0.036036
3 0.635406 0.629505 0.035105 0.069820
3 0.685557 0.521396 0.017051 0.033784
3 0.162989 0.770270 0.043129 0.117117
1 0.046138 0.524775 0.054162 0.108108
1 0.205115 0.479730 0.029087 0.076577
1 0.280341 0.458333 0.025075 0.056306
1 0.545637 0.460586 0.016048 0.051802
1 0.683551 0.465090 0.025075 0.051802
1 0.690070 0.436937 0.012036 0.027027
0 0.425276 0.493243 0.128385 0.193694
