2 0.259197 0.557495 0.056856 0.117043
2 0.295429 0.398357 0.031215 0.049281
3 0.391304 0.393224 0.026756 0.039014
3 0.489409 0.453799 0.026756 0.057495
3 0.511148 0.361396 0.016722 0.032854
2 0.673356 0.486653 0.037904 0.069815
4 0.770903 0.577002 0.030100 0.086242
4 0.674470 0.403491 0.022297 0.039014
4 0.429208 0.381930 0.015608 0.036961
4 0.386845 0.470226 0.026756 0.057495
1 0.793200 0.374743 0.045708 0.084189
1 0.649944 0.340862 0.017837 0.065708
1 0.568004 0.327515 0.023411 0.051335
1 0.457637 0.328542 0.027871 0.057495
1 0.324415 0.335729 0.044593 0.063655
1 0.157191 0.338809 0.040134 0.073922
