2 0.929288 0.185811 0.029087 0.047297
2 0.959378 0.207207 0.029087 0.054054
2 0.910231 0.329955 0.065196 0.114865
2 0.762287 0.416667 0.098295 0.166667
2 0.748245 0.284910 0.054162 0.101351
2 0.744734 0.201577 0.045135 0.069820
2 0.976429 0.551802 0.045135 0.198198
3 0.769809 0.208333 0.041123 0.038288
3 0.968907 0.395270 0.056169 0.132883
4 0.905216 0.275901 0.041123 0.083333
4 0.858074 0.251126 0.043129 0.047297
4 0.804413 0.226351 0.028084 0.065315
4 0.704614 0.220721 0.027081 0.045045
4 0.684554 0.200450 0.037111 0.040541
1 0.031093 0.137387 0.058175 0.171171
1 0.317954 0.114865 0.074223 0.184685
1 0.645938 0.120495 0.060181 0.186937
0 0.796891 0.103604 0.111334 0.117117
