0 0.796891 0.105856 0.111334 0.112613
2 0.931795 0.188063 0.030090 0.051802
2 0.960883 0.208333 0.030090 0.051802
2 0.911735 0.333333 0.062187 0.117117
2 0.759278 0.416667 0.094283 0.162162
2 0.749749 0.284910 0.057172 0.092342
2 0.744734 0.197072 0.043129 0.056306
2 0.972919 0.548423 0.052156 0.191441
3 0.970913 0.390766 0.056169 0.123874
3 0.768305 0.209459 0.036108 0.045045
4 0.856570 0.252252 0.044132 0.045045
4 0.804915 0.225225 0.029087 0.063063
4 0.704112 0.221847 0.028084 0.051802
4 0.683049 0.202703 0.034102 0.036036
1 0.648445 0.121622 0.051153 0.184685
1 0.318455 0.117117 0.071214 0.189189
1 0.033099 0.141892 0.062187 0.175676
